Listing for omni2 data from 19700306 to 19700310
Selected parameters:
 1 Scalar B, nT
 2 BX, nT (GSE, GSM)
 3 BY, nT (GSM)
 4 BZ, nT (GSM)
 5 SW Plasma Temperature, K
 6 SW Proton Density, N/cm^3
 7 SW Plasma Speed, km/s
 8 Flow pressure
 9 E elecrtric field 
10 Plasma Beta

YEAR DOY HR    1     2     3     4        5     6     7     8      9     10 
1970  65  0 999.9 999.9 999.9 999.9 9999999. 999.9 9999. 99.99 999.99 999.99
1970  65  1 999.9 999.9 999.9 999.9 9999999. 999.9 9999. 99.99 999.99 999.99
1970  65  2 999.9 999.9 999.9 999.9 9999999. 999.9 9999. 99.99 999.99 999.99
1970  65  3 999.9 999.9 999.9 999.9 9999999. 999.9 9999. 99.99 999.99 999.99
1970  65  4 999.9 999.9 999.9 999.9 9999999. 999.9 9999. 99.99 999.99 999.99
1970  65  5 999.9 999.9 999.9 999.9 9999999. 999.9 9999. 99.99 999.99 999.99
1970  65  6 999.9 999.9 999.9 999.9   83000.   4.9  420.  1.73 999.99 999.99
1970  65  7 999.9 999.9 999.9 999.9  130000.   3.2  418.  1.12 999.99 999.99
1970  65  8 999.9 999.9 999.9 999.9   96000.   3.9  430.  1.44 999.99 999.99
1970  65  9 999.9 999.9 999.9 999.9 9999999. 999.9 9999. 99.99 999.99 999.99
1970  65 10 999.9 999.9 999.9 999.9 9999999. 999.9 9999. 99.99 999.99 999.99
1970  65 11 999.9 999.9 999.9 999.9   18000.   3.4  448.  1.36 999.99 999.99
1970  65 12 999.9 999.9 999.9 999.9   45000.   3.2  441.  1.24 999.99 999.99
1970  65 13 999.9 999.9 999.9 999.9   22000.   1.8  446.  0.72 999.99 999.99
1970  65 14 999.9 999.9 999.9 999.9 9999999. 999.9 9999. 99.99 999.99 999.99
1970  65 15 999.9 999.9 999.9 999.9   49000.   3.7  439.  1.43 999.99 999.99
1970  65 16 999.9 999.9 999.9 999.9   35000.   2.5  441.  0.97 999.99 999.99
1970  65 17 999.9 999.9 999.9 999.9   72000.   1.4  449.  0.56 999.99 999.99
1970  65 18 999.9 999.9 999.9 999.9 9999999. 999.9 9999. 99.99 999.99 999.99
1970  65 19 999.9 999.9 999.9 999.9   37000.   1.2  430.  0.44 999.99 999.99
1970  65 20 999.9 999.9 999.9 999.9   39000.   1.4  441.  0.54 999.99 999.99
1970  65 21 999.9 999.9 999.9 999.9   56000.   1.9  460.  0.80 999.99 999.99
1970  65 22 999.9 999.9 999.9 999.9   78000.   2.3  443.  0.90 999.99 999.99
1970  65 23 999.9 999.9 999.9 999.9   86000.   2.8  462.  1.20 999.99 999.99
1970  66  0 999.9 999.9 999.9 999.9  135000.   3.2  455.  1.32 999.99 999.99
1970  66  1 999.9 999.9 999.9 999.9  134000.   2.8  452.  1.14 999.99 999.99
1970  66  2 999.9 999.9 999.9 999.9  107000.   2.4  461.  1.02 999.99 999.99
1970  66  3 999.9 999.9 999.9 999.9   55000.   1.6  476.  0.73 999.99 999.99
1970  66  4 999.9 999.9 999.9 999.9 9999999. 999.9 9999. 99.99 999.99 999.99
1970  66  5 999.9 999.9 999.9 999.9 9999999. 999.9 9999. 99.99 999.99 999.99
1970  66  6 999.9 999.9 999.9 999.9 9999999. 999.9 9999. 99.99 999.99 999.99
1970  66  7 999.9 999.9 999.9 999.9 9999999. 999.9 9999. 99.99 999.99 999.99
1970  66  8 999.9 999.9 999.9 999.9 9999999. 999.9 9999. 99.99 999.99 999.99
1970  66  9 999.9 999.9 999.9 999.9   54000.   1.9  531.  1.07 999.99 999.99
1970  66 10 999.9 999.9 999.9 999.9 9999999.   1.8  444.  0.71 999.99 999.99
1970  66 11 999.9 999.9 999.9 999.9   95000.   3.3  448.  1.32 999.99 999.99
1970  66 12   7.6   6.3  -2.0  -2.4   69000.   3.2  423.  1.15   1.02   0.45
1970  66 13   8.1   4.1   0.2  -5.2 9999999.   4.9  432.  1.83   2.25 999.99
1970  66 14   7.5   2.0   2.0  -6.1 9999999.   4.9  432.  1.83   2.64 999.99
1970  66 15  10.1   2.8   7.7  -3.1  170999.   4.0  519.  2.15   1.61   0.49
1970  66 16   9.9   4.2  -1.7   0.5  274999.   4.6  490.  2.21  -0.25   0.79
1970  66 17  10.0  -0.9  -6.3  -5.7  223000.   5.2  511.  2.72   2.91   0.76
1970  66 18  11.7   0.6   6.1  -7.5 9999999.   6.8  535.  3.89   4.01 999.99
1970  66 19   9.6  -0.6   2.3   4.4 9999999.   6.8  535.  3.89  -2.35 999.99
1970  66 20   7.7   0.5   4.3   6.0 9999999.   6.8  535.  3.89  -3.21 999.99
1970  66 21   9.6   0.4   1.1   9.5 9999999.   8.0  529.  4.48  -5.03 999.99
1970  66 22   9.2   0.9   5.2   1.0 9999999.   8.0  529.  4.48  -0.53 999.99
1970  66 23   9.6   1.8   8.0  -3.1 9999999.   8.0  529.  4.48   1.64 999.99
1970  67  0   8.9   3.4   7.4  -1.1 9999999.   2.4  530.  1.35   0.58 999.99
1970  67  1   9.3   3.8   7.7  -3.5 9999999.   2.4  530.  1.35   1.86 999.99
1970  67  2  10.1   3.0   8.9  -3.7 9999999.   2.4  530.  1.35   1.96 999.99
1970  67  3  10.1   3.1   8.0  -5.3 9999999.   5.0  522.  2.72   2.77 999.99
1970  67  4  10.3   3.5   6.5  -6.8 9999999.   5.0  522.  2.72   3.55 999.99
1970  67  5  10.4   5.2   5.6  -6.7 9999999.   5.0  522.  2.72   3.50 999.99
1970  67  6  10.3   7.1   3.4  -6.3 9999999.   5.2  501.  2.61   3.16 999.99
1970  67  7   9.7   5.2   3.1  -7.3 9999999.   5.2  501.  2.61   3.66 999.99
1970  67  8   9.6   5.4   1.8  -7.6 9999999.   5.2  501.  2.61   3.81 999.99
1970  67  9   9.2   6.1   0.4  -6.7 9999999.   3.4  486.  1.61   3.26 999.99
1970  67 10   9.2   6.1  -0.1  -6.6 9999999.   3.4  486.  1.61   3.21 999.99
1970  67 11   8.7   4.3  -0.7  -7.2 9999999.   3.4  486.  1.61   3.50 999.99
1970  67 12   8.8   6.6  -1.2  -5.5 9999999.   3.5  517.  1.87   2.84 999.99
1970  67 13   9.4   5.7  -2.3  -6.0 9999999.   3.5  517.  1.87   3.10 999.99
1970  67 14  25.5  12.5 -13.7 -12.7 1286997.  16.2  722. 16.89   9.17   1.47
1970  67 15  31.8  19.2 -17.8  -4.3 1325998.  15.8  747. 17.63   3.21   0.95
1970  67 16  27.0   5.8  -9.8  22.2  894998.  13.8  729. 14.67 -16.18   0.81
1970  67 17  29.4  -6.8  20.3  10.9  578999.  14.0  770. 16.60  -8.39   0.48
1970  67 18  30.5  -5.8  18.7 -18.8  965998.   9.5  815. 12.62  15.32   0.46
1970  67 19  36.4  -1.1   1.4 -18.6 9999999.  50.5  553. 30.89  10.29 999.99
1970  67 20  31.6  12.6 -14.1 -22.3 9999999.  50.5  553. 30.89  12.33 999.99
1970  67 21  15.7   5.3   2.7  -9.0  484999.   6.6  825.  8.98   7.42   0.68
1970  67 22  14.4  -5.2  -5.4   9.0  309999.   5.7  802.  7.33  -7.22   0.50
1970  67 23  12.4  -3.5  -6.1   3.7  542999.   4.5  786.  5.56  -2.91   0.82
1970  68  0   9.4  -1.3  -0.1   6.1  483999.   4.7  807.  6.12  -4.92   1.36
1970  68  1  10.6  -8.0   4.4   0.9 9999999.   3.7  774.  4.43  -0.70 999.99
1970  68  2   9.0  -4.2   5.3  -4.3 9999999.   3.7  774.  4.43   3.33 999.99
1970  68  3   7.6  -5.9  -3.4   0.5 9999999.   2.6  721.  2.70  -0.36 999.99
1970  68  4   8.6  -7.2  -1.5   1.5  270999.   1.9  718.  1.96  -1.08   0.43
1970  68  5   9.4  -7.8  -2.6   3.8  262999.   1.8  725.  1.89  -2.75   0.33
1970  68  6 999.9 999.9 999.9 999.9 9999999.   1.5  697.  1.46 999.99 999.99
1970  68  7   9.0  -7.8   2.4   2.7 9999999.   1.5  697.  1.46  -1.88 999.99
1970  68  8   8.1  -7.7   1.0   0.1   52000.   1.0  669.  0.90  -0.07   0.11
1970  68  9   7.5  -6.8   1.1  -1.5   55000.   1.0  691.  0.95   1.04   0.14
1970  68 10   7.1  -5.4   3.8   0.1 9999999.   1.1  679.  1.01  -0.07 999.99
1970  68 11   7.1  -5.1   4.2  -1.2  187999.   0.7  670.  0.63   0.80   0.18
1970  68 12   7.1  -5.3   3.5  -1.6 9999999.   0.9  647.  0.75   1.04 999.99
1970  68 13   6.6  -5.3   2.6  -1.5 9999999.   0.9  647.  0.75   0.97 999.99
1970  68 14   6.4  -4.7   3.3  -1.1 9999999.   0.9  647.  0.75   0.71 999.99
1970  68 15   6.3  -3.8   3.0  -2.9   96000.   0.7  612.  0.52   1.77   0.16
1970  68 16   6.3  -2.3   3.4  -4.5 9999999.   2.6  626.  2.04   2.82 999.99
1970  68 17   6.8  -4.6   3.4  -1.6 9999999.   2.6  626.  2.04   1.00 999.99
1970  68 18   6.7  -5.5   2.5  -0.3   32000.   1.3  635.  1.05   0.19   0.19
1970  68 19   6.8  -5.7   2.4  -0.9 9999999.   0.9  604.  0.66   0.54 999.99
1970  68 20   6.2  -4.9   2.0   0.4 9999999.   0.9  604.  0.66  -0.24 999.99
1970  68 21   6.1  -4.9   1.9   0.0 9999999.   0.6  590.  0.42   0.00 999.99
1970  68 22   7.0  -5.1   3.5  -1.5 9999999.   0.6  590.  0.42   0.89 999.99
1970  68 23   7.2  -5.4   3.2  -1.3 9999999.   0.6  590.  0.42   0.77 999.99
1970  69  0 999.9 999.9 999.9 999.9 9999999. 999.9 9999. 99.99 999.99 999.99
1970  69  1 999.9 999.9 999.9 999.9 9999999. 999.9 9999. 99.99 999.99 999.99
1970  69  2 999.9 999.9 999.9 999.9 9999999. 999.9 9999. 99.99 999.99 999.99
1970  69  3 999.9 999.9 999.9 999.9 9999999. 999.9 9999. 99.99 999.99 999.99
1970  69  4 999.9 999.9 999.9 999.9 9999999. 999.9 9999. 99.99 999.99 999.99
1970  69  5 999.9 999.9 999.9 999.9 9999999. 999.9 9999. 99.99 999.99 999.99
1970  69  6 999.9 999.9 999.9 999.9 9999999. 999.9 9999. 99.99 999.99 999.99
1970  69  7 999.9 999.9 999.9 999.9 9999999. 999.9 9999. 99.99 999.99 999.99
1970  69  8 999.9 999.9 999.9 999.9 9999999. 999.9 9999. 99.99 999.99 999.99
1970  69  9 999.9 999.9 999.9 999.9 9999999. 999.9 9999. 99.99 999.99 999.99
1970  69 10 999.9 999.9 999.9 999.9 9999999. 999.9 9999. 99.99 999.99 999.99
1970  69 11 999.9 999.9 999.9 999.9 9999999. 999.9 9999. 99.99 999.99 999.99
1970  69 12 999.9 999.9 999.9 999.9 9999999. 999.9 9999. 99.99 999.99 999.99
1970  69 13 999.9 999.9 999.9 999.9 9999999. 999.9 9999. 99.99 999.99 999.99
1970  69 14 999.9 999.9 999.9 999.9 9999999. 999.9 9999. 99.99 999.99 999.99
1970  69 15 999.9 999.9 999.9 999.9 9999999. 999.9 9999. 99.99 999.99 999.99
1970  69 16 999.9 999.9 999.9 999.9 9999999. 999.9 9999. 99.99 999.99 999.99
1970  69 17 999.9 999.9 999.9 999.9 9999999. 999.9 9999. 99.99 999.99 999.99
1970  69 18 999.9 999.9 999.9 999.9 9999999. 999.9 9999. 99.99 999.99 999.99
1970  69 19 999.9 999.9 999.9 999.9 9999999. 999.9 9999. 99.99 999.99 999.99
1970  69 20 999.9 999.9 999.9 999.9 9999999. 999.9 9999. 99.99 999.99 999.99
1970  69 21 999.9 999.9 999.9 999.9 9999999. 999.9 9999. 99.99 999.99 999.99
1970  69 22 999.9 999.9 999.9 999.9 9999999. 999.9 9999. 99.99 999.99 999.99
1970  69 23 999.9 999.9 999.9 999.9 9999999. 999.9 9999. 99.99 999.99 999.99